100 10
72 644726
62 643340
92 304526
21 754034
59 396636
72 203926
22 94633
23 210778
37 440166
56 774138
53 453577
6 959049
15 523364
47 703157
71 413845
9 747094
70 169370
33 584462
47 694854
95 752857
89 60966
82 910711
51 903057
40 600139
74 828247
76 691627
75 455681
75 706742
96 27573
98 692066
17 508558
12 16339
79 345944
100 184526
49 455646
82 164990
63 410516
52 704913
72 229891
51 173145
89 679326
23 372664
59 31797
5 663106
21 489302
24 17138
11 827035
28 708489
78 150627
66 730127
24 346748
16 155586
15 487167
51 103538
9 681901
82 324249
79 657805
12 45289
53 292668
94 781674
21 579917
63 812531
51 864990
72 96281
68 446737
7 654591
36 237874
28 583450
92 703378
87 991152
31 480021
100 295561
77 528664
49 860129
31 565594
54 636004
11 473316
34 68813
57 485905
93 902976
42 507851
18 242477
76 400446
79 19819
75 545617
70 38157
37 842722
69 679813
85 190917
94 709067
63 214447
22 934725
15 309956
37 575123
12 684982
99 761205
84 552016
34 487612
13 862312
30 605340
406892 34752
357542 949917
123387 493565
854290 765209
199890 202374
989929 990047
932430 852049
75374 653639
677884 928308
227907 990567
