100 10
74 826464
33 530930
92 435543
81 627423
95 518608
38 695962
59 271824
21 238216
88 939838
20 216423
55 858044
88 550983
31 289728
43 639308
3 519161
88 952400
38 878250
90 736545
26 874528
82 878403
62 807289
23 783670
36 819253
48 776492
5 905381
92 428154
81 220985
85 331268
58 534220
30 701025
28 880455
33 549873
77 189587
44 219848
44 186875
94 563030
63 437421
29 553649
59 953758
65 593541
29 980300
32 133372
12 403055
26 751823
82 982592
92 927985
4 446154
69 947965
18 799111
94 276825
100 354022
68 208609
54 990309
51 722598
57 718660
6 752993
23 200198
52 437028
57 358226
68 262973
22 349650
97 749582
38 448975
9 752502
46 320388
41 483292
4 345149
46 199126
15 747606
47 956872
77 681002
44 901954
92 776565
40 837085
17 150510
6 216752
6 639907
100 596566
4 964779
66 772904
74 113681
13 734601
68 869917
62 236130
39 146313
53 999780
11 458174
31 695698
86 490513
5 952516
86 240168
60 198320
24 426753
13 258097
5 524408
5 309949
58 259709
83 911738
52 529152
37 903497
-464723 946
957854 848
-200121 923
259093 338
-154010 248
-393782 387
816093 745
-670061 680
403057 502
136685 816
